       1          4.7235553532          6.8363590889          1.3301389380          0.7619531647         -0.8996111023          0.9282379501
       2          3.7094510498          6.6980693407          0.4798542060         -0.3436501953          0.9378407059         -0.7276939744
       3          2.8077870588          5.5412404308          0.4290780082         -0.5640411697          0.0285308319          0.2867081749
       4          3.4210794020          4.3172144127         -0.2953272824         -0.7351980301         -0.4762873108         -1.2588823989
       5          4.6012550058          3.8730647082          0.1509119800          1.1937058365          0.1656082329          0.5644799584

       1          4.7167291555          6.8222644157          1.3406468019         -0.8122444595         -0.6745842590          0.7585019485
       2          3.6836012607          6.6911537724          0.5101794829          0.8245606621         -0.2697276459         -1.1523170631
       3          2.7918811879          5.5249497576          0.4448116067          0.0542879158         -0.2828424240          0.7403067052
       4          3.4118061132          4.3053911648         -0.2874127408          0.3964132431          0.7428647797         -0.3778408266
       5          4.6113588924          3.8850999055          0.1338837804          0.0214924408          0.1327054909         -0.0719195653

       1          4.7080866642          6.8098787966          1.3511011043         -1.2985358002         -0.6841034225          1.1027042595
       2          3.6567618828          6.6828322229          0.5426598368          1.5485827820         -0.2130770615         -2.3257631713
       3          2.7773280492          5.5077719202          0.4634545745         -0.1660508171         -0.8700797958          1.8373745254
       4          3.4016260233          4.2939558172         -0.2772920263          0.5941232925          1.4237172226         -0.5812263112
       5          4.6185116444          3.8947899418          0.1139035419         -0.2952556366          0.0412417877         -0.2475580625

       1          4.6997932310          6.7950705318          1.3598753932         -2.0255689896         -0.4238681549          1.6508931522
       2          3.6269677839          6.6733618069          0.5787764708          2.5471839279         -0.4868931305         -3.8285292196
       3          2.7616344543          5.4886510611          0.4824880632         -0.2729457497         -1.6043389420          3.2338632162
       4          3.3910507669          4.2804664803         -0.2664557947          0.6108669449          2.2381802551         -0.9280946622
       5          4.6249840784          3.9041103396          0.0930021823         -0.5075215927         -0.0169603584         -0.3182176504

       1          4.6979354782          6.7755220394          1.3561467490         -3.4099217895         -0.1132605865          3.0833490196
       2          3.5919777765          6.6623353796          0.6202265460          3.1131765274         -1.5725203995         -6.7091539509
       3          2.7396741719          5.4674914150          0.4933080817          1.2335719246         -1.6627849762          5.5710816865
       4          3.3805834770          4.2624381905         -0.2568733693          0.4014770203          3.3807904602         -1.6579693063
       5          4.6315723572          3.9131168571          0.0711489075         -0.9016428223         -0.2043429482         -0.4640925435

       1          4.7056102772          6.7843864202          1.3378213561         -6.4180228241         -2.9814797501          4.8792560581
       2          3.5543986430          6.6649413919          0.6717590014          4.3629430168         -0.6370080551        -13.0525986258
       3          2.7176867738          5.4620061722          0.4691995509          2.9936737770         -1.7334278198         11.3861509267
       4          3.3726671920          4.2390507488         -0.2471501006          0.2604919823          4.7633488251         -3.0210006484
       5          4.6398283987          3.9231710858          0.0489278438         -0.7627012955          0.4222858345         -0.3413561542

       1          4.7240896025          6.8044614782          1.3274373648         -6.8972975296         -5.6664217667          7.1949648167
       2          3.5278735065          6.6704966707          0.7472137096          5.6195065460          2.4645707230        -18.6848904072
       3          2.7135641222          5.4734619694          0.4278250968          0.6429222000         -3.4153306244         15.9774967860
       4          3.3712885284          4.2143187847         -0.2268025504          0.6632284424          5.5429847137         -4.1444503755
       5          4.6528158493          3.9273872771          0.0253622735          0.2519493042          0.7883771263         -0.5645264823

       1          4.7471439590          6.8250884342          1.2975249465         -3.4931409546         -3.9019657806          7.3247464512
       2          3.5005881276          6.6521805592          0.8480227041          3.3830276131          4.8929591583        -14.5442958755
       3          2.7156757092          5.4882245588          0.3675994925         -0.9879907524         -3.2064411697         11.4612925499
       4          3.3678100872          4.1849528952         -0.1977232467          0.7496872040          2.1671951645         -2.4655466638
       5          4.6611966877          3.9174681220         -0.0002271708          0.6985876984         -0.2393779945         -1.9336708499

       1          4.7600890579          6.8543445292          1.2454650946          0.5208579224          2.8648291519         -6.0118054337
       2          3.4756950188          6.6024597340          0.9763839203         -2.2940812317         -6.1103660370         13.7851203119
       3          2.7323824396          5.5187836533          0.2872768760          2.8360396133          5.8642532593        -12.6034239974
       4          3.3591730609          4.1610668964         -0.1564903019         -1.0122391060         -2.0886035614          5.8275981227
       5          4.6631119595          3.9078789668         -0.0245822595          0.4639594574         -0.8204331917         -1.1278595416

       1          4.7547013693          6.8579245501          1.1983956752         -2.2582307144          2.1582500565         -9.7292248177
       2          3.4625498080          6.5436418467          1.0619903165         -1.9247919746        -11.4550533432         16.4061165102
       3          2.7392292647          5.5434985981          0.2357649479          5.7867647362          9.4209980988        -14.2195520790
       4          3.3489440784          4.1557275534         -0.1223641153         -1.3168215546         -0.3907466324          7.1914847469
       5          4.6633070679          3.9340528994         -0.0294967554          0.2530678711         -0.0324006393          0.0277445590

       1          4.7469282722          6.8642445602          1.1663605504         -0.3722277527          1.9986602417         -5.4636495964
       2          3.4650690365          6.4985729952          1.1212642634         -0.4535635162         -8.9023048141          9.3892633915
       3          2.7574080515          5.5660418844          0.2161752234          1.8545514908          5.4015844223         -9.8052766495
       4          3.3452995825          4.1604489117         -0.0961251807         -1.1459175186          0.7711116669          5.2199193122
       5          4.6645948477          3.9522539854         -0.0473686586          0.6669476791          0.4462854050          0.2312414373

       1          4.7155914545          6.8553458529          1.1670013132         -0.4471454941          0.7386528519         -2.6239867905
       2          3.4435189934          6.4527882776          1.1502812147         -1.0116066223         -4.9534223740          3.3125147140
       3          2.7476532545          5.5648857832          0.1921013235          2.8183545090          3.2755831955         -3.3554764997
       4          3.3333869381          4.1535802431         -0.0807882159         -0.8081619049          0.3123431107          2.1757841262
       5          4.6574768457          3.9651782894         -0.0671891929          0.0335457413          0.2694894135          0.0895071371

       1          4.6909574757          6.8482571573          1.1800203307          0.0714756622          0.4757573257         -1.5408693325
       2          3.4276142941          6.4196845865          1.1844651377         -0.5223059479         -2.8363134750          2.2102377201
       3          2.7342261219          5.5480760069          0.2133039079          1.3176219025          1.8021068893         -2.3304920990
       4          3.3275575771          4.1430088367         -0.0667203620         -0.2714228668          0.0970367462          1.1894379726
       5          4.6544339228          3.9745477319         -0.0888719248         -0.0144772324          0.1105318764          0.0167751973

       1          4.6694442892          6.8420635452          1.1946359537          0.1549892075          0.2361452271         -0.7585463352
       2          3.4137604103          6.3917620907          1.2146588523         -0.2674896912         -1.4934093170          1.0672523388
       3          2.7223620825          5.5318675957          0.2333571843          0.7106824814          0.8981956726         -1.4350156793
       4          3.3241578870          4.1329582510         -0.0536252493          0.0324869820          0.0965509995          0.6526506766
       5          4.6523014059          3.9832015991         -0.1104978345          0.0135059067         -0.0752008789         -0.1158345335

       1          4.6486398907          6.8371376390          1.2090508888          1.1349906708          0.1458390457          0.0598887768
       2          3.4011166844          6.3677718945          1.2437985179         -0.1178155632         -0.1675055450          0.2739179424
       3          2.7122856860          5.5171997414          0.2553352853         -0.6222139839          0.4273413635         -0.5753146642
       4          3.3218663287          4.1254001427         -0.0397533835         -1.8533712837         -1.0995573303         -0.4240835160
       5          4.6476580915          3.9906311250         -0.1318251150          2.0691915451          0.3368249733          0.1498849750

