       1          4.7235839214          6.8363572149          1.3301345880          0.7905214325         -0.9014850723          0.9238880032
       2          3.7094301472          6.6980583029          0.4798580627         -0.3645528290          0.9268028793         -0.7238372559
       3          2.8078127394          5.5412381802          0.4290631817         -0.5383606277          0.0262801605          0.2718816983
       4          3.4209819551          4.3171909847         -0.2953109883         -0.8326449486         -0.4997152740         -1.2425883070
       5          4.6012654419          3.8730406919          0.1509343596          1.2041418945          0.1415918526          0.5868596101

       1          4.7202940989          6.8245772505          1.3378604524         -0.9441011459         -1.1094495193          0.8227524136
       2          3.6856044335          6.6939474783          0.5092669267          0.9168335365         -0.0714217056         -1.7303732942
       3          2.7933495173          5.5280614948          0.4389075087         -0.1175826546         -0.4205051727          1.2079087309
       4          3.4122278304          4.3043023014         -0.2881291545          0.5355304100          1.0509014069         -0.4625544735
       5          4.6112298393          3.8841773734          0.1346333387          0.0272393249          0.2852734093          0.0183387345

       1          4.7160837917          6.8139485140          1.3447954898         -1.9529082672         -1.3070860153          1.5316897881
       2          3.6611577263          6.6883403387          0.5405145127          1.8528262878         -0.3129612930         -3.6273873419
       3          2.7796836739          5.5143323126          0.4498869233          0.0495738586         -0.9200874161          2.9278233131
       4          3.4031131926          4.2914745035         -0.2785725347          0.6485925583          1.9797035172         -0.8626346804
       5          4.6192316284          3.8934448690          0.1161241389         -0.1442715820          0.1861690414         -0.0946611381

       1          4.7128905001          6.8021496716          1.3499460521         -3.0303999313         -1.5627284454          2.1644520744
       2          3.6346163602          6.6823232088          0.5751418556          2.7489601875         -0.4948911911         -5.9447444025
       3          2.7650571661          5.4997567635          0.4604783407          0.2671660996         -1.4947365417          5.0620406854
       4          3.3939653149          4.2772841759         -0.2680957624          0.7106148651          3.0441758728         -1.2149624316
       5          4.6266804199          3.9027053051          0.0967385764         -0.3554800781          0.2536050995         -0.2109235915

       1          4.7133628025          6.7884488544          1.3502222059         -4.4866974945         -1.9309455536          3.2704058773
       2          3.6051916485          6.6750547199          0.6164658582          3.4903484833         -0.8812800751         -8.8678417789
       3          2.7470385990          5.4848509350          0.4649215896          1.3230990143         -1.6350650177          7.7278895534
       4          3.3852915678          4.2601202888         -0.2571026714          0.6750678024          4.0749888489         -2.1767714146
       5          4.6346294794          3.9119325490          0.0768500486         -0.6195205917          0.2195489998         -0.1587513984

       1          4.7207737255          6.7849283752          1.3382206137         -6.5572744904         -3.6497247559          5.1719137180
       2          3.5716064458          6.6693927832          0.6680248114          4.2495457893          0.0906831650        -13.8932886129
       3          2.7268093572          5.4738851128          0.4528764000          2.7571571663         -1.5252872375         12.3173999939
       4          3.3767310314          4.2381546440         -0.2446965349          0.5690314178          4.4066440125         -3.2972349317
       5          4.6423219948          3.9197981744          0.0546453872         -0.6578052185          0.4796743813         -0.4336127512

       1          4.7309437695          6.7979761925          1.3243181782         -6.8144305450         -5.8861075256          7.4773781769
       2          3.5365336890          6.6653600655          0.7403610390          5.0013890221          3.7855654602        -18.8829609575
       3          2.7147121811          5.4747958441          0.4182173846          0.9990810913         -3.0271559219         16.5130846364
       4          3.3709897876          4.2122610292         -0.2266453556          0.9316875786          4.4041292435         -4.5735556120
       5          4.6512788801          3.9242982678          0.0306811946          0.1669801193          0.4447678413         -0.7759053656

       1          4.7478249073          6.8204922371          1.2989345729         -3.3181926971         -4.2524629089          7.6017729351
       2          3.5029052839          6.6461570520          0.8455999476          2.8426839279          6.6364520401        -14.4027524282
       3          2.7143769860          5.4877242031          0.3612949005         -1.0987139732         -3.0443968903         11.5531005365
       4          3.3654794030          4.1835535879         -0.1966754019          1.0380030190          1.3780879135         -2.5773018664
       5          4.6583884563          3.9186947780          0.0045312393          0.9100563446         -1.0827220345         -2.3438606613

       1          4.7593616257          6.8480318489          1.2462166650          0.5762256714          3.4217489075         -7.1117349705
       2          3.4744904437          6.5902322531          0.9845009582         -3.2122562935         -5.6666469254         16.2422582043
       3          2.7294750690          5.5182277851          0.2816691890          3.1830690460          6.8943851105        -13.7867109641
       4          3.3557398643          4.1611185598         -0.1538530870         -0.8740356506         -2.7788401627          5.9001130069
       5          4.6603471441          3.9160560341         -0.0196145647          0.8292441269         -2.2489659119         -1.4732646748

       1          4.7513357849          6.8519721184          1.2040415874         -2.0197150879          2.0420183777         -9.8629126472
       2          3.4607109237          6.5309347782          1.0727949889         -1.9447763283        -10.2173217865         17.2018888706
       3          2.7371050053          5.5405175457          0.2388486930          5.1358052643          9.3699457001        -14.3829069570
       4          3.3465087342          4.1554154377         -0.1210800541         -1.2738657738         -1.0256623016          6.7743459329
       5          4.6614440489          3.9383533969         -0.0313706077          0.7525488815         -0.5564031075         -0.1777076970

       1          4.7308417854          6.8527866430          1.1850805953         -0.5708145691          1.7396430283         -6.0251047451
       2          3.4501312742          6.4837377033          1.1274808056         -0.4480257767         -8.0043966766         10.9251056355
       3          2.7465539236          5.5525896921          0.2197214468          1.4266236069          5.7831921158        -10.5602532176
       4          3.3400037718          4.1522515755         -0.0977326871         -0.5462282181          0.3589754700          5.2335129234
       5          4.6605428162          3.9531074438         -0.0499882918          0.7270161621         -0.2209561905          0.0195082256

       1          4.7054182777          6.8482490664          1.1854511991         -0.9692222595          0.7227663528         -3.7655009453
       2          3.4333214941          6.4448642263          1.1612508948         -1.0690058975         -5.6649736588          5.1851947849
       3          2.7353510871          5.5489169140          0.2115886779          3.3627870934          4.1431139862         -4.6951220572
       4          3.3318385091          4.1459455757         -0.0820291408         -0.6807909172          0.2726757141          2.7914591672
       5          4.6570021076          3.9654531827         -0.0696451375         -0.0307923798          0.1591826973          0.0389625492

       1          4.6850884418          6.8442384253          1.1920666475         -0.3213581512          0.4729252548         -2.1920524704
       2          3.4214018493          6.4155868073          1.1922270272         -0.5327507301         -3.5013927490          3.3582271778
       3          2.7269796157          5.5382146559          0.2263175153          1.7427156883          2.4325558762         -3.1885847162
       4          3.3271430001          4.1384748011         -0.0679601310         -0.2312998741          0.2038010635          1.4187690123
       5          4.6545387383          3.9747090030         -0.0901925987         -0.0130617493          0.0766029716          0.1402012920

       1          4.6668342285          6.8404653215          1.2001654999          0.1466285156          0.1978215408         -1.1482000744
       2          3.4111589689          6.3902819653          1.2187848420         -0.3063310745         -1.8190347443          1.6108420143
       3          2.7187960553          5.5274758444          0.2402865073          0.7981553169          1.1471443832         -1.6772927213
       4          3.3236755924          4.1310558128         -0.0543432208         -0.0498075775          0.1962128357          0.6101791895
       5          4.6521565886          3.9836687675         -0.1108236392          0.0221885544          0.0093674522          0.0586607711

       1          4.6486398783          6.8371376495          1.2090508902          1.1349782730          0.1458495361          0.0598902073
       2          3.4011166911          6.3677718573          1.2437985365         -0.1178088875         -0.1675427383          0.2739365391
       3          2.7122856851          5.5171997366          0.2553352797         -0.6222149376          0.4273365952         -0.5753202969
       4          3.3218662915          4.1254001284         -0.0397534452         -1.8534084770         -1.0995716354         -0.4241451743
       5          4.6476580772          3.9906311326         -0.1318250467          2.0691772400          0.3368326027          0.1499532968

