       1          4.7236233130          6.8363087339          1.3300784094          0.8299129501         -0.9499660599          0.8677094334
       2          3.7094315333          6.6981089849          0.4798472925         -0.3631666634          0.9774849472         -0.7346074575
       3          2.8077601018          5.5412444324          0.4291080223         -0.5909982048          0.0325324493          0.3167223322
       4          3.4210876741          4.3172655745         -0.2954175943         -0.7269258591         -0.4251255447         -1.3491943434
       5          4.6012128792          3.8730432410          0.1509732369          1.1515791809          0.1441410240          0.6257369035

       1          4.7176539669          6.8228857574          1.3398733387         -0.8313330963         -0.7549425537          0.7444386993
       2          3.6842785025          6.6920023012          0.5096207531          0.8505024643         -0.2631987839         -1.2983468905
       3          2.7923447561          5.5258846912          0.4432392610          0.0045561264         -0.2797087616          0.8230610312
       4          3.4120003538          4.3052670326         -0.2876215988          0.4274538132          0.8674326233         -0.2800988100
       5          4.6113281803          3.8849072580          0.1340511013         -0.0397196869          0.0963580338         -0.1445987401

       1          4.7099638691          6.8109150429          1.3494779191         -1.4970309052         -0.6822571228          1.2883191017
       2          3.6582981353          6.6842836447          0.5414046977          1.7120352806         -0.4236553238         -2.6525023434
       3          2.7781205697          5.5096429405          0.4602325891         -0.1371302940         -0.9503594788          2.0582891256
       4          3.4021562352          4.2936609306         -0.2778569389          0.6368352180          1.6110306335         -0.6665388688
       5          4.6187731037          3.8945406375          0.1145848045         -0.2993962860          0.0821374931         -0.1531954800

       1          4.7028135872          6.7966796188          1.3574718328         -2.2051128113         -0.6191811646          1.8395327522
       2          3.6292729120          6.6757665911          0.5770074350          2.6089120255         -0.6506089279         -4.3180650358
       3          2.7627822428          5.4916370659          0.4774676345         -0.1851572250         -1.6105341125          3.5581344991
       4          3.3919857473          4.2801496935         -0.2670045972          0.6591473373          2.4518934891         -1.0364972466
       5          4.6254425850          3.9038008566          0.0940689308         -0.5140150085          0.0801565903         -0.1884692288

       1          4.7013564520          6.7780454121          1.3556317744         -3.6873480118         -0.4505879364          3.0792744255
       2          3.5956944723          6.6655532618          0.6187866166          3.2495723129         -1.5118382431         -7.0662834362
       3          2.7416640205          5.4719351482          0.4869391174          1.2923205383         -1.5917517609          5.8203174316
       4          3.3819226370          4.2621845369         -0.2567956649          0.4377369858          3.4978369339         -1.5726649363
       5          4.6324557285          3.9129819589          0.0726546627         -0.8550714691         -0.1134411339         -0.4595373099

       1          4.7093233862          6.7831594419          1.3375050220         -6.5202138077         -2.9784580521          4.9604220489
       2          3.5583784661          6.6652371893          0.6705899683          4.3094661293         -0.6583107071        -13.1694316763
       3          2.7192892623          5.4640215034          0.4660926421          3.1502622948         -1.6055965515         11.5925420689
       4          3.3736545105          4.2388447943         -0.2467859174          0.2629104980          4.5994942734         -3.1189173715
       5          4.6404094696          3.9223029757          0.0504021755         -0.7782303955          0.4371756546         -0.3757244692

       1          4.7250622253          6.8029981394          1.3261103051         -6.9218746582         -5.6562606186          7.2355050709
       2          3.5288537507          6.6690564747          0.7457337569          5.5170507057          2.7165746857        -18.7152431002
       3          2.7132112341          5.4731880016          0.4254362555          0.7589340927         -3.3592983673         16.0904554550
       4          3.3710784640          4.2134745436         -0.2271603341          0.7329640312          5.3701435715         -4.1967341103
       5          4.6522887726          3.9264258590          0.0266349928          0.1991725830          0.6686589745         -0.6418071739

       1          4.7472326584          6.8241651020          1.2976216357         -3.5612416138         -4.0755979950          7.4483356754
       2          3.5006383491          6.6511444674          0.8479439721          3.2743490562          5.2321673538        -14.5459278893
       3          2.7152393389          5.4881583586          0.3659912108         -0.9281611252         -3.1402414261         11.3917107587
       4          3.3673181720          4.1844093580         -0.1975466175          0.8302719780          2.1193580246         -2.3655174781
       5          4.6605456858          3.9173712244          0.0010124067          0.6818857681         -0.4183755966         -2.0299933134

       1          4.7599225359          6.8529059381          1.2455706019          0.4638358963          3.0691381485         -6.2601980598
       2          3.4752996178          6.6000800467          0.9781140581         -2.3679822327         -6.1813533463         14.1412581369
       3          2.7315777202          5.5184631987          0.2864420272          2.8969201653          6.0308986618        -12.6616727888
       4          3.3584286594          4.1609285173         -0.1561784312         -0.9216405609         -2.0828826584          5.7548688169
       5          4.6625154772          3.9093600593         -0.0235413827          0.5163771805         -1.1734407387         -1.2105827076

       1          4.7552086096          6.8565562191          1.1996465995         -2.3654904190          2.0863191010         -9.7896004688
       2          3.4631692476          6.5413642168          1.0647076797         -1.8378523727        -11.3559831955         16.3605797485
       3          2.7389211760          5.5433842392          0.2369473197          5.8647759567          9.3917391968        -14.0393803136
       4          3.3484976978          4.1560192661         -0.1220597620         -1.3424021698         -0.4118338715          7.0685379766
       5          4.6629818439          3.9349850678         -0.0300174617          0.2900439484         -0.1005321556          0.0019382954

       1          4.7431555967          6.8613026924          1.1705492687         -0.1064032669          1.9650924133         -5.4418312775
       2          3.4617700996          6.4950205355          1.1233288794         -0.5177003601         -8.6405645309          9.7500793564
       3          2.7557285500          5.5634680080          0.2169628334          1.4452499573          5.2805080414        -10.0059665657
       4          3.3440569649          4.1586238203         -0.0961863552         -1.0457351257          0.7357203049          5.1211448022
       5          4.6635774126          3.9521847420         -0.0482502271          0.7813126053          0.2914419739          0.1872729180

       1          4.7127468767          6.8534383364          1.1713848052         -0.5680232834          0.7425363724         -2.8439947975
       2          3.4406980462          6.4503168058          1.1534241047         -1.0811537926         -5.1430941605          3.6787046906
       3          2.7443765001          5.5608689547          0.1966634813          3.0263001297          3.5049546585         -3.6175186602
       4          3.3327983098          4.1514545860         -0.0807251886         -0.8730901970          0.3473860291          2.4138113666
       5          4.6572596912          3.9652480364         -0.0679895457          0.0502912384          0.1776363846         -0.0679456694

       1          4.6892003765          6.8471668530          1.1830597427          0.0447765106          0.4687529510         -1.6433573109
       2          3.4258375096          6.4182536402          1.1869526238         -0.5532903679         -2.8975598251          2.4131238441
       3          2.7323896270          5.5455588913          0.2166182011          1.3752269798          1.8579912964         -2.5043988634
       4          3.3273505297          4.1416888895         -0.0667051778         -0.2084703293          0.1391895035          1.3077221960
       5          4.6544321489          3.9745726647         -0.0893275941         -0.1031510666          0.1375647377          0.0370059079

       1          4.6685876474          6.8415833435          1.1960674958          0.2169474380          0.2564435059         -0.7807041771
       2          3.4128928242          6.3911722660          1.2161018848         -0.4100758270         -1.4717339935          1.1928848419
       3          2.7214208226          5.5307001019          0.2351966484          0.7536226204          0.8951018524         -1.3311515513
       4          3.3240025220          4.1324627113         -0.0538204314          0.0075219917          0.1234113342          0.3717685664
       5          4.6522720900          3.9833660836         -0.1104754958          0.0084899582         -0.1754163780          0.0342041624

       1          4.6486399088          6.8371376352          1.2090508859          1.1350087906          0.1458352310          0.0598859158
       2          3.4011166902          6.3677718954          1.2437985139         -0.1178098412         -0.1675045914          0.2739138893
       3          2.7122856789          5.5171997452          0.2553352859         -0.6222211365          0.4273451782         -0.5753140980
       4          3.3218663344          4.1254001465         -0.0397533706         -1.8533655617         -1.0995535156         -0.4240705684
       5          4.6476580935          3.9906311207         -0.1318251287          2.0691934525          0.3368206818          0.1498713404

