       1          4.7234758911          6.8364048319          1.3302630868          0.6824911133         -0.8538681137          1.0523867958
       2          3.7095421906          6.6979904041          0.4797440796         -0.2525094482          0.8589041290         -0.8378204102
       3          2.8077668781          5.5411836309          0.4290860803         -0.5842218719         -0.0282690567          0.2947803127
       4          3.4210882235          4.3172245684         -0.2954669381         -0.7263765427         -0.4661316330         -1.3985380784
       5          4.6012389803          3.8730635457          0.1510083050          1.1776802933          0.1644457039          0.6608050281

       1          4.7212817192          6.8252027731          1.3372709498         -1.0420807922         -1.2505269058          1.0369498405
       2          3.6856096373          6.6942148447          0.5099922847          1.0185372604          0.0734447037         -2.0897152848
       3          2.7934329715          5.5285548353          0.4373906488         -0.0926285225         -0.5402646805          1.4971488419
       4          3.4120236478          4.3036754065         -0.2879742976          0.5088477852          1.0686064560         -0.5111975831
       5          4.6111752214          3.8838294754          0.1346339028          0.0978214432          0.2502754028         -0.0395971820

       1          4.7183635941          6.8150492954          1.3432220116         -2.0603059448         -1.8881045746          1.5098115662
       2          3.6612239790          6.6890991402          0.5420085809          1.8768789963          0.2145401672         -4.2964190769
       3          2.7796436005          5.5154749918          0.4461382033         -0.0350995361         -0.9600082016          3.5641032633
       4          3.4030209546          4.2901383476         -0.2782809540          0.6560546089          2.0353476257         -0.9679540033
       5          4.6192601604          3.8930345702          0.1164988082         -0.0350395538          0.3490702171          0.0611081604

       1          4.7166885090          6.8041683750          1.3472132981         -3.3433910126         -2.2504249847          2.5279980824
       2          3.6351730390          6.6836725798          0.5771484383          2.8580389595          0.0661797653         -7.0296616655
       3          2.7651532869          5.5019756384          0.4539205423          0.3224869339         -1.5309616104          5.9233422997
       4          3.3941051221          4.2754482918         -0.2678691787          0.8257220894          3.1066917786         -1.4248786528
       5          4.6269027243          3.9021516304          0.0974667283         -0.2928757339          0.2981304016         -0.1063717486

       1          4.7181449585          6.7923740425          1.3470797653         -4.6485415039         -2.8187574890          3.5375653198
       2          3.6067308230          6.6771554403          0.6186399813          3.5987230400          0.1152403305        -10.0249187302
       3          2.7481881270          5.4886858101          0.4559292758          1.0786270409         -1.7423899109          8.7058757511
       4          3.3857858019          4.2582412262         -0.2563806684          0.7904018875          3.9994261963         -2.2470684017
       5          4.6350861311          3.9113807831          0.0777217639         -0.3962689041          0.2804830811         -0.2252360604

       1          4.7247997360          6.7882587833          1.3376384599         -6.2557639771         -4.1254166595          5.5019599209
       2          3.5747882295          6.6706834822          0.6698792335          4.2919294655          1.1486821701        -14.4793665205
       3          2.7295982308          5.4781091299          0.4454971418          2.0398308388         -1.8939700943         12.8656417785
       4          3.3774027886          4.2371857290         -0.2434793487          0.6625886391          4.1271290268         -3.6646487489
       5          4.6427883606          3.9190114264          0.0558658455         -0.2528394043          0.5043264488         -0.3277544523

       1          4.7336833639          6.7977392006          1.3241103709         -6.3957360855         -6.2442994080          7.7225708744
       2          3.5398880105          6.6639800768          0.7401787597          4.7230105019          4.9117767899        -19.0728403059
       3          2.7165250149          5.4766084509          0.4146023713          0.5053148773         -3.1113491104         16.7791713350
       4          3.3710237980          4.2121694059         -0.2255083011          1.0410979889          3.7765059372         -4.9231010793
       5          4.6509246378          3.9237654834          0.0319322252          0.4129377945          0.3764833794         -0.7398747559

       1          4.7481136951          6.8190269928          1.2996483510         -2.9106048553         -4.5909072021          7.8349509541
       2          3.5046183724          6.6434896650          0.8442379786          2.5473724403          7.9606650314        -14.4504214224
       3          2.7147425661          5.4876975317          0.3597357336         -1.6485338913         -3.1193682999         11.8044336283
       4          3.3647968764          4.1840327015         -0.1961611510          1.1395764305          0.5981014923         -3.2253510217
       5          4.6574284868          3.9198847084          0.0058375970          1.3180868240         -1.1448915955         -2.0753029541

       1          4.7584744883          6.8463017788          1.2470359385          0.8908882584          3.2027787933         -7.1499614986
       2          3.4744872441          6.5860050240          0.9852985958         -3.4932558708         -4.5095760437         16.7691957861
       3          2.7288906226          5.5177520857          0.2802507542          2.7472226158          6.9768856857        -13.8554457926
       4          3.3547791367          4.1618830328         -0.1532784773         -0.6713633423         -3.4780672012          5.5644226591
       5          4.6592804232          3.9190529451         -0.0181098484          1.1661231644         -2.5599548630         -1.5658484279

       1          4.7482855339          6.8501964607          1.2069185915         -1.4006660950          2.0654607239        -10.0099085007
       2          3.4589721117          6.5270658112          1.0733470383         -2.3242882980         -9.3606888428         18.1505382690
       3          2.7359942889          5.5381493864          0.2399918698          4.3607889214          9.4132864059        -15.0261301630
       4          3.3457288399          4.1552210083         -0.1214706216         -1.0515601257         -1.7034916992          6.6724784142
       5          4.6604671965          3.9395401011         -0.0315591242          1.0012964645         -0.7755989487         -0.2122242361

       1          4.7272949076          6.8503648672          1.1908730311         -0.6320924301          1.6508672104         -6.5975688606
       2          3.4467848763          6.4815197668          1.1265663805         -0.8016236534         -7.7331331924         12.0625805008
       3          2.7419979949          5.5473483267          0.2232906362          1.7049948997          6.3816266830        -11.0733637586
       4          3.3389607892          4.1507271242         -0.0995214026         -0.4907107964         -0.3446757858          5.0606973839
       5          4.6596165247          3.9535245719         -0.0502139733          0.8008246963         -0.3191281044          0.1127267459

       1          4.7041598444          6.8469601965          1.1904490848         -0.7804556015          0.7580964951         -4.3191152412
       2          3.4319510875          6.4450261955          1.1613713984         -1.2052125252         -5.7172044739          6.5199984489
       3          2.7332385139          5.5449413681          0.2172931989          3.0592139465          4.5076681030         -5.7265010569
       4          3.3318451314          4.1447951870         -0.0834284315         -0.5803686028          0.0116869965          3.0466685068
       5          4.6569698277          3.9654337645         -0.0699941853          0.1067276520          0.0742644577          0.0566146605

       1          4.6846291084          6.8435133972          1.1951238081         -0.3661915710          0.4105972168         -2.6144918545
       2          3.4206328464          6.4162043295          1.1918306754         -0.6558536446         -3.6276705093          4.1028753635
       3          2.7252637081          5.5356723671          0.2296636567          1.8109081146          2.8254670959         -3.7842432884
       4          3.3271552544          4.1377836151         -0.0688104855         -0.2779456360          0.0086151123          1.8072144577
       5          4.6545264721          3.9746912789         -0.0904913054          0.0347720917          0.0283789345          0.0522946115

       1          4.6667890463          6.8402515640          1.2015582850          0.1614462875          0.1782640259         -1.3146150021
       2          3.4108301921          6.3907656231          1.2186206641         -0.3771079109         -1.9377769073          2.0132641197
       3          2.7179959254          5.5262865982          0.2420456727          0.8123254265          1.3277982056         -1.9487273449
       4          3.3237088437          4.1307822943         -0.0549063985         -0.0790562920         -0.0147057266          0.6218014645
       5          4.6521202269          3.9836114788         -0.1108705957          0.0983268600          0.1283788055          0.1638042841

       1          4.6486399221          6.8371376057          1.2090508740          1.1350221420          0.1458056671          0.0598739948
       2          3.4011166821          6.3677719316          1.2437984793         -0.1178179474         -0.1674683517          0.2738793186
       3          2.7122856660          5.5171997242          0.2553352999         -0.6222340111          0.4273241974         -0.5753000611
       4          3.3218663945          4.1254001722         -0.0397532439         -1.8533054802         -1.0995277664         -0.4239439216
       5          4.6476581144          3.9906310949         -0.1318252659          2.0692144333          0.3367949326          0.1497340932

