       1          4.7236425657          6.8363967743          1.3301135960          0.8491657272         -0.8619257080          0.9028959625
       2          3.7094149842          6.6980731649          0.4799434709         -0.3797157738          0.9416649399         -0.6384291047
       3          2.8078137655          5.5411821213          0.4291208163         -0.5373344742         -0.0297787231          0.3295163500
       4          3.4210811853          4.3171747932         -0.2955470072         -0.7334146591         -0.5159067566         -1.4786072329
       5          4.6013234453          3.8731285920          0.1510450157          1.2621453201          0.2294920143          0.6975156629

       1          4.7235683079          6.8271502180          1.3354055510         -0.6958921234         -2.3458819900          1.8375509567
       2          3.6853640089          6.6928950329          0.5132573572          1.1565089035          2.1500328827         -4.0001428199
       3          2.7934002624          5.5297869806          0.4328270578         -0.8891376442         -1.2791193710          2.9903578384
       4          3.4114197459          4.3023166246         -0.2868378713          0.4008459221          0.6154246414         -1.3853712535
       5          4.6107368727          3.8829278550          0.1345162705          0.4721726730          0.5271550148          0.3890705258

       1          4.7235771532          6.8190322962          1.3389286218         -1.5920467941         -3.6454038193          3.3964217690
       2          3.6607204924          6.6868805552          0.5488691509          2.0634923630          4.1158551529         -7.8489491230
       3          2.7797236667          5.5182584801          0.4352981076         -1.3918333321         -2.4648199280          6.2296076241
       4          3.4022285962          4.2870393209         -0.2762908880          0.5994962105          1.1565209457         -2.4886880115
       5          4.6189178123          3.8920038471          0.1167093629          0.6791123474          0.5821471222          0.4972629017

       1          4.7250842619          6.8108984327          1.3395367382         -2.2464381058         -5.1083672684          4.7147381573
       2          3.6344687166          6.6809740362          0.5881125909          2.7087166214          6.0921362167        -11.5170090910
       3          2.7657032228          5.5071701031          0.4359225851         -1.8651772484         -3.5038969269          9.7612851297
       4          3.3933795362          4.2711636992         -0.2646708950          0.8281361519          1.5384991501         -3.8482950400
       5          4.6266135139          3.9008433466          0.0980012587          0.8590139465          0.7203465958          0.6833587160

       1          4.7280181475          6.8038039703          1.3374118698         -2.6095525314         -6.4018296631          6.5153697643
       2          3.6069165645          6.6738940916          0.6325244112          3.1455644646          8.1970916061        -15.3121887985
       3          2.7511062899          5.4969133511          0.4319545378         -2.4598101364         -4.3847489410         13.0411378089
       4          3.3853798838          4.2538200970         -0.2518747456          1.0319837662          1.6607969696         -5.2015455776
       5          4.6346242895          3.9099034505          0.0785759605          1.3480895126          0.8523504890          0.7857604950

       1          4.7327786083          6.8007189693          1.3308968430         -2.4954916779         -7.6242306549          8.5283429565
       2          3.5773547482          6.6651313906          0.6851764792          3.1815482491         10.9092905716        -18.8607207796
       3          2.7365238395          5.4885053911          0.4210429640         -3.2240605263         -5.0909088791         16.3675639816
       4          3.3773969731          4.2346985292         -0.2367700764          0.9787731331          0.9285292435         -6.5935763643
       5          4.6418049383          3.9173250709          0.0569707977          1.9642383163          0.7556708580          0.4878977140

       1          4.7389590139          6.8048362703          1.3189875619         -1.1237860611         -8.5631296677         10.0797619411
       2          3.5446769171          6.6526037960          0.7526381434          2.2509170761         14.6771960052        -20.3964565798
       3          2.7245125275          5.4846458349          0.3969603659         -4.8365725342         -5.8316650772         17.8426658915
       4          3.3701393838          4.2130402622         -0.2179368131          1.2455837929         -0.8710377777         -7.6118131161
       5          4.6483524504          3.9228956223          0.0336071357          2.7579503708          0.2920222534         -0.1593642598

       1          4.7471799841          6.8202795544          1.2970693197          2.8258840927         -5.5675456329          8.7347197250
       2          3.5096745372          6.6278935337          0.8473817542         -0.9653628181         16.5971337067        -12.1099458401
       3          2.7205518494          5.4907448053          0.3518989092         -6.0428506348         -4.8829946640         10.3313091516
       4          3.3627569504          4.1889512453         -0.1908565097          1.1680503784         -4.5623546921         -5.0849096855
       5          4.6531802263          3.9236521368          0.0080900215          3.4826263260         -1.9118631973         -1.9953785335

       1          4.7519501333          6.8420506954          1.2522931828          6.3257333237          2.8356954193         -6.3136171501
       2          3.4777895780          6.5741545620          0.9750398431         -6.8937220390          3.6190619965         20.0488430824
       3          2.7294385805          5.5137833652          0.2851081827         -1.5974194870          5.0849652496        -15.4202173015
       4          3.3531372724          4.1690999794         -0.1539097198         -0.5610276421         -8.2350205994          3.3126802348
       5          4.6549794149          3.9268301897         -0.0142956866          3.2735149399         -3.6927102951         -1.7553866013

       1          4.7395528898          6.8458059759          1.2203243244          4.3426898239          2.1921759140        -10.9881756306
       2          3.4589871449          6.5219759398          1.0579348172         -5.9618550529         -3.2325602493         24.7809171949
       3          2.7334040613          5.5284807463          0.2522652956          0.0990613174          8.5602462692        -19.2456043753
       4          3.3446486521          4.1596386137         -0.1261756867         -0.8491479233         -6.5389862991          5.3308133351
       5          4.6565985279          3.9423531375         -0.0311782827          2.9953279083         -1.4187625069         -0.2783826673

       1          4.7209195662          6.8457523985          1.2073288751          3.3794661545          1.6286984909         -9.2269249352
       2          3.4449220853          6.4811883898          1.1112497294         -4.4218147148         -4.2231102219         20.1503293949
       3          2.7336637945          5.5339179382          0.2396032223         -0.0668054825          7.3218382324        -16.0191776597
       4          3.3378365903          4.1523785763         -0.1054311948         -0.6874097099         -4.6472237213          4.6382052066
       5          4.6565320864          3.9546413112         -0.0503933612          2.3830863724         -0.4839888313          0.0446387679

       1          4.7022149286          6.8444157104          1.2032992258          2.6070286270          1.1639104492         -6.8658741928
       2          3.4325670052          6.4478580980          1.1511705680         -3.5671948425         -3.7541019699         14.4711679893
       3          2.7294571466          5.5336484728          0.2358811416          0.4986466446          5.4370727860        -11.3642583970
       4          3.3321719661          4.1453769245         -0.0880417576         -0.6748339241         -3.1172754852          3.2234423591
       5          4.6555713062          3.9654112725         -0.0702843927          1.7107062286         -0.0540274742          0.1930073381

       1          4.6842187462          6.8422571011          1.2033502800          1.8099461853          0.6547010590         -4.5977199535
       2          3.4214553170          6.4188334618          1.1848173208         -2.6042829796         -2.7982382385          9.2447208237
       3          2.7228883228          5.5292152605          0.2397441535          0.8600228302          3.8006605057         -7.2133465302
       4          3.3274621501          4.1383076124         -0.0715998343         -0.6346499031         -2.1496875809          2.0699657013
       5          4.6538186808          3.9745979471         -0.0909451651          1.1032807632          0.1466471207          0.0249349153

       1          4.6667601376          6.8398736048          1.2054482052          1.2346375580          0.2601047745         -2.2350947674
       2          3.4112950058          6.3924131346          1.2152416203         -1.3870942017         -1.5486654251          4.5468203022
       3          2.7170351448          5.5234919519          0.2467047183          0.4099448059          1.9136519424         -3.7345817380
       4          3.3238916583          4.1313131027         -0.0560684532         -0.2793416939         -1.1705972778          0.7732467512
       5          4.6516016550          3.9832869229         -0.1111081842          0.6104550064          0.1929229317          0.2223158039

       1          4.6486401091          6.8371374979          1.2090509517          1.1352090622          0.1456979019          0.0599517193
       2          3.4011166773          6.3677722025          1.2437982869         -0.1178227158         -0.1671975082          0.2736869148
       3          2.7122856822          5.5171997232          0.2553355126         -0.6222177986          0.4273232437         -0.5750874215
       4          3.3218666310          4.1254003782         -0.0397528543         -1.8530689690         -1.0993217728         -0.4235543213
       5          4.6476580009          3.9906307092         -0.1318256765          2.0691009460          0.3364091713          0.1493235216

